box
-1200 -200 0 50 50 50
box
-1200 -200 50 50 50 50
box
-1200 -200 100 50 50 50
box
-1200 -200 150 50 50 50
box
-1200 -200 200 50 50 50
box
-1200 -200 250 50 50 50
box
-1200 -200 300 50 50 50
box
-1200 -200 350 50 50 50
box
-1200 -200 400 50 50 50
box
-1200 -200 450 50 50 50
box
-1200 -200 500 50 50 50
box
-1200 -200 550 50 50 50
box
-1200 -200 600 50 50 50
box
-1200 -200 650 50 50 50
box
-1200 -200 700 50 50 50
box
-1200 -200 750 50 50 50
box
-1200 -200 800 50 50 50
box
-1200 -200 850 50 50 50
box
-1200 -200 900 50 50 50
box
-1200 -200 950 50 50 50
box
-1200 -200 1000 50 50 50
box
-1200 -200 1050 50 50 50
box
-1200 -200 1100 50 50 50
box
-1200 -200 1150 50 50 50
box
-1200 -200 1200 50 50 50
box
-1200 -200 1250 50 50 50
box
-1200 -200 1300 50 50 50
box
-1200 -200 1350 50 50 50
box
-1200 -200 1400 50 50 50
box
-1200 -200 1450 50 50 50
box
-1200 -200 1500 50 50 50
box
-1200 -200 1550 50 50 50
box
-1200 -200 1600 50 50 50
box
-1200 -200 1650 50 50 50
box
-1200 -200 1700 50 50 50
box
-1200 -200 1750 50 50 50
box
-1200 -200 1800 50 50 50
box
-1200 -200 1850 50 50 50
box
-1200 -200 1900 50 50 50
box
-1200 -200 1950 50 50 50
box
-1200 -200 2000 50 50 50
box
-1200 -200 2050 50 50 50
box
-1200 -200 2100 50 50 50
box
-1200 -200 2150 50 50 50
box
-1200 -200 2200 50 50 50
box
-1200 -200 2250 50 50 50
box
-1200 -200 2300 50 50 50
box
-1200 -200 2350 50 50 50
box
-1150 -200 0 50 50 50
box
-1150 -200 50 50 50 50
box
-1150 -200 100 50 50 50
box
-1150 -200 150 50 50 50
box
-1150 -200 200 50 50 50
box
-1150 -200 250 50 50 50
box
-1150 -200 300 50 50 50
box
-1150 -200 350 50 50 50
box
-1150 -200 400 50 50 50
box
-1150 -200 450 50 50 50
box
-1150 -200 500 50 50 50
box
-1150 -200 550 50 50 50
box
-1150 -200 600 50 50 50
box
-1150 -200 650 50 50 50
box
-1150 -200 700 50 50 50
box
-1150 -200 750 50 50 50
box
-1150 -200 800 50 50 50
box
-1150 -200 850 50 50 50
box
-1150 -200 900 50 50 50
box
-1150 -200 950 50 50 50
box
-1150 -200 1000 50 50 50
box
-1150 -200 1050 50 50 50
box
-1150 -200 1100 50 50 50
box
-1150 -200 1150 50 50 50
box
-1150 -200 1200 50 50 50
box
-1150 -200 1250 50 50 50
box
-1150 -200 1300 50 50 50
box
-1150 -200 1350 50 50 50
box
-1150 -200 1400 50 50 50
box
-1150 -200 1450 50 50 50
box
-1150 -200 1500 50 50 50
box
-1150 -200 1550 50 50 50
box
-1150 -200 1600 50 50 50
box
-1150 -200 1650 50 50 50
box
-1150 -200 1700 50 50 50
box
-1150 -200 1750 50 50 50
box
-1150 -200 1800 50 50 50
box
-1150 -200 1850 50 50 50
box
-1150 -200 1900 50 50 50
box
-1150 -200 1950 50 50 50
box
-1150 -200 2000 50 50 50
box
-1150 -200 2050 50 50 50
box
-1150 -200 2100 50 50 50
box
-1150 -200 2150 50 50 50
box
-1150 -200 2200 50 50 50
box
-1150 -200 2250 50 50 50
box
-1150 -200 2300 50 50 50
box
-1150 -200 2350 50 50 50
box
-1100 -200 0 50 50 50
box
-1100 -200 50 50 50 50
box
-1100 -200 100 50 50 50
box
-1100 -200 150 50 50 50
box
-1100 -200 200 50 50 50
box
-1100 -200 250 50 50 50
box
-1100 -200 300 50 50 50
box
-1100 -200 350 50 50 50
box
-1100 -200 400 50 50 50
box
-1100 -200 450 50 50 50
box
-1100 -200 500 50 50 50
box
-1100 -200 550 50 50 50
box
-1100 -200 600 50 50 50
box
-1100 -200 650 50 50 50
box
-1100 -200 700 50 50 50
box
-1100 -200 750 50 50 50
box
-1100 -200 800 50 50 50
box
-1100 -200 850 50 50 50
box
-1100 -200 900 50 50 50
box
-1100 -200 950 50 50 50
box
-1100 -200 1000 50 50 50
box
-1100 -200 1050 50 50 50
box
-1100 -200 1100 50 50 50
box
-1100 -200 1150 50 50 50
box
-1100 -200 1200 50 50 50
box
-1100 -200 1250 50 50 50
box
-1100 -200 1300 50 50 50
box
-1100 -200 1350 50 50 50
box
-1100 -200 1400 50 50 50
box
-1100 -200 1450 50 50 50
box
-1100 -200 1500 50 50 50
box
-1100 -200 1550 50 50 50
box
-1100 -200 1600 50 50 50
box
-1100 -200 1650 50 50 50
box
-1100 -200 1700 50 50 50
box
-1100 -200 1750 50 50 50
box
-1100 -200 1800 50 50 50
box
-1100 -200 1850 50 50 50
box
-1100 -200 1900 50 50 50
box
-1100 -200 1950 50 50 50
box
-1100 -200 2000 50 50 50
box
-1100 -200 2050 50 50 50
box
-1100 -200 2100 50 50 50
box
-1100 -200 2150 50 50 50
box
-1100 -200 2200 50 50 50
box
-1100 -200 2250 50 50 50
box
-1100 -200 2300 50 50 50
box
-1100 -200 2350 50 50 50
box
-1050 -200 0 50 50 50
box
-1050 -200 50 50 50 50
box
-1050 -200 100 50 50 50
box
-1050 -200 150 50 50 50
box
-1050 -200 200 50 50 50
box
-1050 -200 250 50 50 50
box
-1050 -200 300 50 50 50
box
-1050 -200 350 50 50 50
box
-1050 -200 400 50 50 50
box
-1050 -200 450 50 50 50
box
-1050 -200 500 50 50 50
box
-1050 -200 550 50 50 50
box
-1050 -200 600 50 50 50
box
-1050 -200 650 50 50 50
box
-1050 -200 700 50 50 50
box
-1050 -200 750 50 50 50
box
-1050 -200 800 50 50 50
box
-1050 -200 850 50 50 50
box
-1050 -200 900 50 50 50
box
-1050 -200 950 50 50 50
box
-1050 -200 1000 50 50 50
box
-1050 -200 1050 50 50 50
box
-1050 -200 1100 50 50 50
box
-1050 -200 1150 50 50 50
box
-1050 -200 1200 50 50 50
box
-1050 -200 1250 50 50 50
box
-1050 -200 1300 50 50 50
box
-1050 -200 1350 50 50 50
box
-1050 -200 1400 50 50 50
box
-1050 -200 1450 50 50 50
box
-1050 -200 1500 50 50 50
box
-1050 -200 1550 50 50 50
box
-1050 -200 1600 50 50 50
box
-1050 -200 1650 50 50 50
box
-1050 -200 1700 50 50 50
box
-1050 -200 1750 50 50 50
box
-1050 -200 1800 50 50 50
box
-1050 -200 1850 50 50 50
box
-1050 -200 1900 50 50 50
box
-1050 -200 1950 50 50 50
box
-1050 -200 2000 50 50 50
box
-1050 -200 2050 50 50 50
box
-1050 -200 2100 50 50 50
box
-1050 -200 2150 50 50 50
box
-1050 -200 2200 50 50 50
box
-1050 -200 2250 50 50 50
box
-1050 -200 2300 50 50 50
box
-1050 -200 2350 50 50 50
box
-1000 -200 0 50 50 50
box
-1000 -200 50 50 50 50
box
-1000 -200 100 50 50 50
box
-1000 -200 150 50 50 50
box
-1000 -200 200 50 50 50
box
-1000 -200 250 50 50 50
box
-1000 -200 300 50 50 50
box
-1000 -200 350 50 50 50
box
-1000 -200 400 50 50 50
box
-1000 -200 450 50 50 50
box
-1000 -200 500 50 50 50
box
-1000 -200 550 50 50 50
box
-1000 -200 600 50 50 50
box
-1000 -200 650 50 50 50
box
-1000 -200 700 50 50 50
box
-1000 -200 750 50 50 50
box
-1000 -200 800 50 50 50
box
-1000 -200 850 50 50 50
box
-1000 -200 900 50 50 50
box
-1000 -200 950 50 50 50
box
-1000 -200 1000 50 50 50
box
-1000 -200 1050 50 50 50
box
-1000 -200 1100 50 50 50
box
-1000 -200 1150 50 50 50
box
-1000 -200 1200 50 50 50
box
-1000 -200 1250 50 50 50
box
-1000 -200 1300 50 50 50
box
-1000 -200 1350 50 50 50
box
-1000 -200 1400 50 50 50
box
-1000 -200 1450 50 50 50
box
-1000 -200 1500 50 50 50
box
-1000 -200 1550 50 50 50
box
-1000 -200 1600 50 50 50
box
-1000 -200 1650 50 50 50
box
-1000 -200 1700 50 50 50
box
-1000 -200 1750 50 50 50
box
-1000 -200 1800 50 50 50
box
-1000 -200 1850 50 50 50
box
-1000 -200 1900 50 50 50
box
-1000 -200 1950 50 50 50
box
-1000 -200 2000 50 50 50
box
-1000 -200 2050 50 50 50
box
-1000 -200 2100 50 50 50
box
-1000 -200 2150 50 50 50
box
-1000 -200 2200 50 50 50
box
-1000 -200 2250 50 50 50
box
-1000 -200 2300 50 50 50
box
-1000 -200 2350 50 50 50
box
-950 -200 0 50 50 50
box
-950 -200 50 50 50 50
box
-950 -200 100 50 50 50
box
-950 -200 150 50 50 50
box
-950 -200 200 50 50 50
box
-950 -200 250 50 50 50
box
-950 -200 300 50 50 50
box
-950 -200 350 50 50 50
box
-950 -200 400 50 50 50
box
-950 -200 450 50 50 50
box
-950 -200 500 50 50 50
box
-950 -200 550 50 50 50
box
-950 -200 600 50 50 50
box
-950 -200 650 50 50 50
box
-950 -200 700 50 50 50
box
-950 -200 750 50 50 50
box
-950 -200 800 50 50 50
box
-950 -200 850 50 50 50
box
-950 -200 900 50 50 50
box
-950 -200 950 50 50 50
box
-950 -200 1000 50 50 50
box
-950 -200 1050 50 50 50
box
-950 -200 1100 50 50 50
box
-950 -200 1150 50 50 50
box
-950 -200 1200 50 50 50
box
-950 -200 1250 50 50 50
box
-950 -200 1300 50 50 50
box
-950 -200 1350 50 50 50
box
-950 -200 1400 50 50 50
box
-950 -200 1450 50 50 50
box
-950 -200 1500 50 50 50
box
-950 -200 1550 50 50 50
box
-950 -200 1600 50 50 50
box
-950 -200 1650 50 50 50
box
-950 -200 1700 50 50 50
box
-950 -200 1750 50 50 50
box
-950 -200 1800 50 50 50
box
-950 -200 1850 50 50 50
box
-950 -200 1900 50 50 50
box
-950 -200 1950 50 50 50
box
-950 -200 2000 50 50 50
box
-950 -200 2050 50 50 50
box
-950 -200 2100 50 50 50
box
-950 -200 2150 50 50 50
box
-950 -200 2200 50 50 50
box
-950 -200 2250 50 50 50
box
-950 -200 2300 50 50 50
box
-950 -200 2350 50 50 50
box
-900 -200 0 50 50 50
box
-900 -200 50 50 50 50
box
-900 -200 100 50 50 50
box
-900 -200 150 50 50 50
box
-900 -200 200 50 50 50
box
-900 -200 250 50 50 50
box
-900 -200 300 50 50 50
box
-900 -200 350 50 50 50
box
-900 -200 400 50 50 50
box
-900 -200 450 50 50 50
box
-900 -200 500 50 50 50
box
-900 -200 550 50 50 50
box
-900 -200 600 50 50 50
box
-900 -200 650 50 50 50
box
-900 -200 700 50 50 50
box
-900 -200 750 50 50 50
box
-900 -200 800 50 50 50
box
-900 -200 850 50 50 50
box
-900 -200 900 50 50 50
box
-900 -200 950 50 50 50
box
-900 -200 1000 50 50 50
box
-900 -200 1050 50 50 50
box
-900 -200 1100 50 50 50
box
-900 -200 1150 50 50 50
box
-900 -200 1200 50 50 50
box
-900 -200 1250 50 50 50
box
-900 -200 1300 50 50 50
box
-900 -200 1350 50 50 50
box
-900 -200 1400 50 50 50
box
-900 -200 1450 50 50 50
box
-900 -200 1500 50 50 50
box
-900 -200 1550 50 50 50
box
-900 -200 1600 50 50 50
box
-900 -200 1650 50 50 50
box
-900 -200 1700 50 50 50
box
-900 -200 1750 50 50 50
box
-900 -200 1800 50 50 50
box
-900 -200 1850 50 50 50
box
-900 -200 1900 50 50 50
box
-900 -200 1950 50 50 50
box
-900 -200 2000 50 50 50
box
-900 -200 2050 50 50 50
box
-900 -200 2100 50 50 50
box
-900 -200 2150 50 50 50
box
-900 -200 2200 50 50 50
box
-900 -200 2250 50 50 50
box
-900 -200 2300 50 50 50
box
-900 -200 2350 50 50 50
box
-850 -200 0 50 50 50
box
-850 -200 50 50 50 50
box
-850 -200 100 50 50 50
box
-850 -200 150 50 50 50
box
-850 -200 200 50 50 50
box
-850 -200 250 50 50 50
box
-850 -200 300 50 50 50
box
-850 -200 350 50 50 50
box
-850 -200 400 50 50 50
box
-850 -200 450 50 50 50
box
-850 -200 500 50 50 50
box
-850 -200 550 50 50 50
box
-850 -200 600 50 50 50
box
-850 -200 650 50 50 50
box
-850 -200 700 50 50 50
box
-850 -200 750 50 50 50
box
-850 -200 800 50 50 50
box
-850 -200 850 50 50 50
box
-850 -200 900 50 50 50
box
-850 -200 950 50 50 50
box
-850 -200 1000 50 50 50
box
-850 -200 1050 50 50 50
box
-850 -200 1100 50 50 50
box
-850 -200 1150 50 50 50
box
-850 -200 1200 50 50 50
box
-850 -200 1250 50 50 50
box
-850 -200 1300 50 50 50
box
-850 -200 1350 50 50 50
box
-850 -200 1400 50 50 50
box
-850 -200 1450 50 50 50
box
-850 -200 1500 50 50 50
box
-850 -200 1550 50 50 50
box
-850 -200 1600 50 50 50
box
-850 -200 1650 50 50 50
box
-850 -200 1700 50 50 50
box
-850 -200 1750 50 50 50
box
-850 -200 1800 50 50 50
box
-850 -200 1850 50 50 50
box
-850 -200 1900 50 50 50
box
-850 -200 1950 50 50 50
box
-850 -200 2000 50 50 50
box
-850 -200 2050 50 50 50
box
-850 -200 2100 50 50 50
box
-850 -200 2150 50 50 50
box
-850 -200 2200 50 50 50
box
-850 -200 2250 50 50 50
box
-850 -200 2300 50 50 50
box
-850 -200 2350 50 50 50
box
-800 -200 0 50 50 50
box
-800 -200 50 50 50 50
box
-800 -200 100 50 50 50
box
-800 -200 150 50 50 50
box
-800 -200 200 50 50 50
box
-800 -200 250 50 50 50
box
-800 -200 300 50 50 50
box
-800 -200 350 50 50 50
box
-800 -200 400 50 50 50
box
-800 -200 450 50 50 50
box
-800 -200 500 50 50 50
box
-800 -200 550 50 50 50
box
-800 -200 600 50 50 50
box
-800 -200 650 50 50 50
box
-800 -200 700 50 50 50
box
-800 -200 750 50 50 50
box
-800 -200 800 50 50 50
box
-800 -200 850 50 50 50
box
-800 -200 900 50 50 50
box
-800 -200 950 50 50 50
box
-800 -200 1000 50 50 50
box
-800 -200 1050 50 50 50
box
-800 -200 1100 50 50 50
box
-800 -200 1150 50 50 50
box
-800 -200 1200 50 50 50
box
-800 -200 1250 50 50 50
box
-800 -200 1300 50 50 50
box
-800 -200 1350 50 50 50
box
-800 -200 1400 50 50 50
box
-800 -200 1450 50 50 50
box
-800 -200 1500 50 50 50
box
-800 -200 1550 50 50 50
box
-800 -200 1600 50 50 50
box
-800 -200 1650 50 50 50
box
-800 -200 1700 50 50 50
box
-800 -200 1750 50 50 50
box
-800 -200 1800 50 50 50
box
-800 -200 1850 50 50 50
box
-800 -200 1900 50 50 50
box
-800 -200 1950 50 50 50
box
-800 -200 2000 50 50 50
box
-800 -200 2050 50 50 50
box
-800 -200 2100 50 50 50
box
-800 -200 2150 50 50 50
box
-800 -200 2200 50 50 50
box
-800 -200 2250 50 50 50
box
-800 -200 2300 50 50 50
box
-800 -200 2350 50 50 50
box
-750 -200 0 50 50 50
box
-750 -200 50 50 50 50
box
-750 -200 100 50 50 50
box
-750 -200 150 50 50 50
box
-750 -200 200 50 50 50
box
-750 -200 250 50 50 50
box
-750 -200 300 50 50 50
box
-750 -200 350 50 50 50
box
-750 -200 400 50 50 50
box
-750 -200 450 50 50 50
box
-750 -200 500 50 50 50
box
-750 -200 550 50 50 50
box
-750 -200 600 50 50 50
box
-750 -200 650 50 50 50
box
-750 -200 700 50 50 50
box
-750 -200 750 50 50 50
box
-750 -200 800 50 50 50
box
-750 -200 850 50 50 50
box
-750 -200 900 50 50 50
box
-750 -200 950 50 50 50
box
-750 -200 1000 50 50 50
box
-750 -200 1050 50 50 50
box
-750 -200 1100 50 50 50
box
-750 -200 1150 50 50 50
box
-750 -200 1200 50 50 50
box
-750 -200 1250 50 50 50
box
-750 -200 1300 50 50 50
box
-750 -200 1350 50 50 50
box
-750 -200 1400 50 50 50
box
-750 -200 1450 50 50 50
box
-750 -200 1500 50 50 50
box
-750 -200 1550 50 50 50
box
-750 -200 1600 50 50 50
box
-750 -200 1650 50 50 50
box
-750 -200 1700 50 50 50
box
-750 -200 1750 50 50 50
box
-750 -200 1800 50 50 50
box
-750 -200 1850 50 50 50
box
-750 -200 1900 50 50 50
box
-750 -200 1950 50 50 50
box
-750 -200 2000 50 50 50
box
-750 -200 2050 50 50 50
box
-750 -200 2100 50 50 50
box
-750 -200 2150 50 50 50
box
-750 -200 2200 50 50 50
box
-750 -200 2250 50 50 50
box
-750 -200 2300 50 50 50
box
-750 -200 2350 50 50 50
box
-700 -200 0 50 50 50
box
-700 -200 50 50 50 50
box
-700 -200 100 50 50 50
box
-700 -200 150 50 50 50
box
-700 -200 200 50 50 50
box
-700 -200 250 50 50 50
box
-700 -200 300 50 50 50
box
-700 -200 350 50 50 50
box
-700 -200 400 50 50 50
box
-700 -200 450 50 50 50
box
-700 -200 500 50 50 50
box
-700 -200 550 50 50 50
box
-700 -200 600 50 50 50
box
-700 -200 650 50 50 50
box
-700 -200 700 50 50 50
box
-700 -200 750 50 50 50
box
-700 -200 800 50 50 50
box
-700 -200 850 50 50 50
box
-700 -200 900 50 50 50
box
-700 -200 950 50 50 50
box
-700 -200 1000 50 50 50
box
-700 -200 1050 50 50 50
box
-700 -200 1100 50 50 50
box
-700 -200 1150 50 50 50
box
-700 -200 1200 50 50 50
box
-700 -200 1250 50 50 50
box
-700 -200 1300 50 50 50
box
-700 -200 1350 50 50 50
box
-700 -200 1400 50 50 50
box
-700 -200 1450 50 50 50
box
-700 -200 1500 50 50 50
box
-700 -200 1550 50 50 50
box
-700 -200 1600 50 50 50
box
-700 -200 1650 50 50 50
box
-700 -200 1700 50 50 50
box
-700 -200 1750 50 50 50
box
-700 -200 1800 50 50 50
box
-700 -200 1850 50 50 50
box
-700 -200 1900 50 50 50
box
-700 -200 1950 50 50 50
box
-700 -200 2000 50 50 50
box
-700 -200 2050 50 50 50
box
-700 -200 2100 50 50 50
box
-700 -200 2150 50 50 50
box
-700 -200 2200 50 50 50
box
-700 -200 2250 50 50 50
box
-700 -200 2300 50 50 50
box
-700 -200 2350 50 50 50
box
-650 -200 0 50 50 50
box
-650 -200 50 50 50 50
box
-650 -200 100 50 50 50
box
-650 -200 150 50 50 50
box
-650 -200 200 50 50 50
box
-650 -200 250 50 50 50
box
-650 -200 300 50 50 50
box
-650 -200 350 50 50 50
box
-650 -200 400 50 50 50
box
-650 -200 450 50 50 50
box
-650 -200 500 50 50 50
box
-650 -200 550 50 50 50
box
-650 -200 600 50 50 50
box
-650 -200 650 50 50 50
box
-650 -200 700 50 50 50
box
-650 -200 750 50 50 50
box
-650 -200 800 50 50 50
box
-650 -200 850 50 50 50
box
-650 -200 900 50 50 50
box
-650 -200 950 50 50 50
box
-650 -200 1000 50 50 50
box
-650 -200 1050 50 50 50
box
-650 -200 1100 50 50 50
box
-650 -200 1150 50 50 50
box
-650 -200 1200 50 50 50
box
-650 -200 1250 50 50 50
box
-650 -200 1300 50 50 50
box
-650 -200 1350 50 50 50
box
-650 -200 1400 50 50 50
box
-650 -200 1450 50 50 50
box
-650 -200 1500 50 50 50
box
-650 -200 1550 50 50 50
box
-650 -200 1600 50 50 50
box
-650 -200 1650 50 50 50
box
-650 -200 1700 50 50 50
box
-650 -200 1750 50 50 50
box
-650 -200 1800 50 50 50
box
-650 -200 1850 50 50 50
box
-650 -200 1900 50 50 50
box
-650 -200 1950 50 50 50
box
-650 -200 2000 50 50 50
box
-650 -200 2050 50 50 50
box
-650 -200 2100 50 50 50
box
-650 -200 2150 50 50 50
box
-650 -200 2200 50 50 50
box
-650 -200 2250 50 50 50
box
-650 -200 2300 50 50 50
box
-650 -200 2350 50 50 50
box
-600 -200 0 50 50 50
box
-600 -200 50 50 50 50
box
-600 -200 100 50 50 50
box
-600 -200 150 50 50 50
box
-600 -200 200 50 50 50
box
-600 -200 250 50 50 50
box
-600 -200 300 50 50 50
box
-600 -200 350 50 50 50
box
-600 -200 400 50 50 50
box
-600 -200 450 50 50 50
box
-600 -200 500 50 50 50
box
-600 -200 550 50 50 50
box
-600 -200 600 50 50 50
box
-600 -200 650 50 50 50
box
-600 -200 700 50 50 50
box
-600 -200 750 50 50 50
box
-600 -200 800 50 50 50
box
-600 -200 850 50 50 50
box
-600 -200 900 50 50 50
box
-600 -200 950 50 50 50
box
-600 -200 1000 50 50 50
box
-600 -200 1050 50 50 50
box
-600 -200 1100 50 50 50
box
-600 -200 1150 50 50 50
box
-600 -200 1200 50 50 50
box
-600 -200 1250 50 50 50
box
-600 -200 1300 50 50 50
box
-600 -200 1350 50 50 50
box
-600 -200 1400 50 50 50
box
-600 -200 1450 50 50 50
box
-600 -200 1500 50 50 50
box
-600 -200 1550 50 50 50
box
-600 -200 1600 50 50 50
box
-600 -200 1650 50 50 50
box
-600 -200 1700 50 50 50
box
-600 -200 1750 50 50 50
box
-600 -200 1800 50 50 50
box
-600 -200 1850 50 50 50
box
-600 -200 1900 50 50 50
box
-600 -200 1950 50 50 50
box
-600 -200 2000 50 50 50
box
-600 -200 2050 50 50 50
box
-600 -200 2100 50 50 50
box
-600 -200 2150 50 50 50
box
-600 -200 2200 50 50 50
box
-600 -200 2250 50 50 50
box
-600 -200 2300 50 50 50
box
-600 -200 2350 50 50 50
box
-550 -200 0 50 50 50
box
-550 -200 50 50 50 50
box
-550 -200 100 50 50 50
box
-550 -200 150 50 50 50
box
-550 -200 200 50 50 50
box
-550 -200 250 50 50 50
box
-550 -200 300 50 50 50
box
-550 -200 350 50 50 50
box
-550 -200 400 50 50 50
box
-550 -200 450 50 50 50
box
-550 -200 500 50 50 50
box
-550 -200 550 50 50 50
box
-550 -200 600 50 50 50
box
-550 -200 650 50 50 50
box
-550 -200 700 50 50 50
box
-550 -200 750 50 50 50
box
-550 -200 800 50 50 50
box
-550 -200 850 50 50 50
box
-550 -200 900 50 50 50
box
-550 -200 950 50 50 50
box
-550 -200 1000 50 50 50
box
-550 -200 1050 50 50 50
box
-550 -200 1100 50 50 50
box
-550 -200 1150 50 50 50
box
-550 -200 1200 50 50 50
box
-550 -200 1250 50 50 50
box
-550 -200 1300 50 50 50
box
-550 -200 1350 50 50 50
box
-550 -200 1400 50 50 50
box
-550 -200 1450 50 50 50
box
-550 -200 1500 50 50 50
box
-550 -200 1550 50 50 50
box
-550 -200 1600 50 50 50
box
-550 -200 1650 50 50 50
box
-550 -200 1700 50 50 50
box
-550 -200 1750 50 50 50
box
-550 -200 1800 50 50 50
box
-550 -200 1850 50 50 50
box
-550 -200 1900 50 50 50
box
-550 -200 1950 50 50 50
box
-550 -200 2000 50 50 50
box
-550 -200 2050 50 50 50
box
-550 -200 2100 50 50 50
box
-550 -200 2150 50 50 50
box
-550 -200 2200 50 50 50
box
-550 -200 2250 50 50 50
box
-550 -200 2300 50 50 50
box
-550 -200 2350 50 50 50
box
-500 -200 0 50 50 50
box
-500 -200 50 50 50 50
box
-500 -200 100 50 50 50
box
-500 -200 150 50 50 50
box
-500 -200 200 50 50 50
box
-500 -200 250 50 50 50
box
-500 -200 300 50 50 50
box
-500 -200 350 50 50 50
box
-500 -200 400 50 50 50
box
-500 -200 450 50 50 50
box
-500 -200 500 50 50 50
box
-500 -200 550 50 50 50
box
-500 -200 600 50 50 50
box
-500 -200 650 50 50 50
box
-500 -200 700 50 50 50
box
-500 -200 750 50 50 50
box
-500 -200 800 50 50 50
box
-500 -200 850 50 50 50
box
-500 -200 900 50 50 50
box
-500 -200 950 50 50 50
box
-500 -200 1000 50 50 50
box
-500 -200 1050 50 50 50
box
-500 -200 1100 50 50 50
box
-500 -200 1150 50 50 50
box
-500 -200 1200 50 50 50
box
-500 -200 1250 50 50 50
box
-500 -200 1300 50 50 50
box
-500 -200 1350 50 50 50
box
-500 -200 1400 50 50 50
box
-500 -200 1450 50 50 50
box
-500 -200 1500 50 50 50
box
-500 -200 1550 50 50 50
box
-500 -200 1600 50 50 50
box
-500 -200 1650 50 50 50
box
-500 -200 1700 50 50 50
box
-500 -200 1750 50 50 50
box
-500 -200 1800 50 50 50
box
-500 -200 1850 50 50 50
box
-500 -200 1900 50 50 50
box
-500 -200 1950 50 50 50
box
-500 -200 2000 50 50 50
box
-500 -200 2050 50 50 50
box
-500 -200 2100 50 50 50
box
-500 -200 2150 50 50 50
box
-500 -200 2200 50 50 50
box
-500 -200 2250 50 50 50
box
-500 -200 2300 50 50 50
box
-500 -200 2350 50 50 50
box
-450 -200 0 50 50 50
box
-450 -200 50 50 50 50
box
-450 -200 100 50 50 50
box
-450 -200 150 50 50 50
box
-450 -200 200 50 50 50
box
-450 -200 250 50 50 50
box
-450 -200 300 50 50 50
box
-450 -200 350 50 50 50
box
-450 -200 400 50 50 50
box
-450 -200 450 50 50 50
box
-450 -200 500 50 50 50
box
-450 -200 550 50 50 50
box
-450 -200 600 50 50 50
box
-450 -200 650 50 50 50
box
-450 -200 700 50 50 50
box
-450 -200 750 50 50 50
box
-450 -200 800 50 50 50
box
-450 -200 850 50 50 50
box
-450 -200 900 50 50 50
box
-450 -200 950 50 50 50
box
-450 -200 1000 50 50 50
box
-450 -200 1050 50 50 50
box
-450 -200 1100 50 50 50
box
-450 -200 1150 50 50 50
box
-450 -200 1200 50 50 50
box
-450 -200 1250 50 50 50
box
-450 -200 1300 50 50 50
box
-450 -200 1350 50 50 50
box
-450 -200 1400 50 50 50
box
-450 -200 1450 50 50 50
box
-450 -200 1500 50 50 50
box
-450 -200 1550 50 50 50
box
-450 -200 1600 50 50 50
box
-450 -200 1650 50 50 50
box
-450 -200 1700 50 50 50
box
-450 -200 1750 50 50 50
box
-450 -200 1800 50 50 50
box
-450 -200 1850 50 50 50
box
-450 -200 1900 50 50 50
box
-450 -200 1950 50 50 50
box
-450 -200 2000 50 50 50
box
-450 -200 2050 50 50 50
box
-450 -200 2100 50 50 50
box
-450 -200 2150 50 50 50
box
-450 -200 2200 50 50 50
box
-450 -200 2250 50 50 50
box
-450 -200 2300 50 50 50
box
-450 -200 2350 50 50 50
box
-400 -200 0 50 50 50
box
-400 -200 50 50 50 50
box
-400 -200 100 50 50 50
box
-400 -200 150 50 50 50
box
-400 -200 200 50 50 50
box
-400 -200 250 50 50 50
box
-400 -200 300 50 50 50
box
-400 -200 350 50 50 50
box
-400 -200 400 50 50 50
box
-400 -200 450 50 50 50
box
-400 -200 500 50 50 50
box
-400 -200 550 50 50 50
box
-400 -200 600 50 50 50
box
-400 -200 650 50 50 50
box
-400 -200 700 50 50 50
box
-400 -200 750 50 50 50
box
-400 -200 800 50 50 50
box
-400 -200 850 50 50 50
box
-400 -200 900 50 50 50
box
-400 -200 950 50 50 50
box
-400 -200 1000 50 50 50
box
-400 -200 1050 50 50 50
box
-400 -200 1100 50 50 50
box
-400 -200 1150 50 50 50
box
-400 -200 1200 50 50 50
box
-400 -200 1250 50 50 50
box
-400 -200 1300 50 50 50
box
-400 -200 1350 50 50 50
box
-400 -200 1400 50 50 50
box
-400 -200 1450 50 50 50
box
-400 -200 1500 50 50 50
box
-400 -200 1550 50 50 50
box
-400 -200 1600 50 50 50
box
-400 -200 1650 50 50 50
box
-400 -200 1700 50 50 50
box
-400 -200 1750 50 50 50
box
-400 -200 1800 50 50 50
box
-400 -200 1850 50 50 50
box
-400 -200 1900 50 50 50
box
-400 -200 1950 50 50 50
box
-400 -200 2000 50 50 50
box
-400 -200 2050 50 50 50
box
-400 -200 2100 50 50 50
box
-400 -200 2150 50 50 50
box
-400 -200 2200 50 50 50
box
-400 -200 2250 50 50 50
box
-400 -200 2300 50 50 50
box
-400 -200 2350 50 50 50
box
-350 -200 0 50 50 50
box
-350 -200 50 50 50 50
box
-350 -200 100 50 50 50
box
-350 -200 150 50 50 50
box
-350 -200 200 50 50 50
box
-350 -200 250 50 50 50
box
-350 -200 300 50 50 50
box
-350 -200 350 50 50 50
box
-350 -200 400 50 50 50
box
-350 -200 450 50 50 50
box
-350 -200 500 50 50 50
box
-350 -200 550 50 50 50
box
-350 -200 600 50 50 50
box
-350 -200 650 50 50 50
box
-350 -200 700 50 50 50
box
-350 -200 750 50 50 50
box
-350 -200 800 50 50 50
box
-350 -200 850 50 50 50
box
-350 -200 900 50 50 50
box
-350 -200 950 50 50 50
box
-350 -200 1000 50 50 50
box
-350 -200 1050 50 50 50
box
-350 -200 1100 50 50 50
box
-350 -200 1150 50 50 50
box
-350 -200 1200 50 50 50
box
-350 -200 1250 50 50 50
box
-350 -200 1300 50 50 50
box
-350 -200 1350 50 50 50
box
-350 -200 1400 50 50 50
box
-350 -200 1450 50 50 50
box
-350 -200 1500 50 50 50
box
-350 -200 1550 50 50 50
box
-350 -200 1600 50 50 50
box
-350 -200 1650 50 50 50
box
-350 -200 1700 50 50 50
box
-350 -200 1750 50 50 50
box
-350 -200 1800 50 50 50
box
-350 -200 1850 50 50 50
box
-350 -200 1900 50 50 50
box
-350 -200 1950 50 50 50
box
-350 -200 2000 50 50 50
box
-350 -200 2050 50 50 50
box
-350 -200 2100 50 50 50
box
-350 -200 2150 50 50 50
box
-350 -200 2200 50 50 50
box
-350 -200 2250 50 50 50
box
-350 -200 2300 50 50 50
box
-350 -200 2350 50 50 50
box
-300 -200 0 50 50 50
box
-300 -200 50 50 50 50
box
-300 -200 100 50 50 50
box
-300 -200 150 50 50 50
box
-300 -200 200 50 50 50
box
-300 -200 250 50 50 50
box
-300 -200 300 50 50 50
box
-300 -200 350 50 50 50
box
-300 -200 400 50 50 50
box
-300 -200 450 50 50 50
box
-300 -200 500 50 50 50
box
-300 -200 550 50 50 50
box
-300 -200 600 50 50 50
box
-300 -200 650 50 50 50
box
-300 -200 700 50 50 50
box
-300 -200 750 50 50 50
box
-300 -200 800 50 50 50
box
-300 -200 850 50 50 50
box
-300 -200 900 50 50 50
box
-300 -200 950 50 50 50
box
-300 -200 1000 50 50 50
box
-300 -200 1050 50 50 50
box
-300 -200 1100 50 50 50
box
-300 -200 1150 50 50 50
box
-300 -200 1200 50 50 50
box
-300 -200 1250 50 50 50
box
-300 -200 1300 50 50 50
box
-300 -200 1350 50 50 50
box
-300 -200 1400 50 50 50
box
-300 -200 1450 50 50 50
box
-300 -200 1500 50 50 50
box
-300 -200 1550 50 50 50
box
-300 -200 1600 50 50 50
box
-300 -200 1650 50 50 50
box
-300 -200 1700 50 50 50
box
-300 -200 1750 50 50 50
box
-300 -200 1800 50 50 50
box
-300 -200 1850 50 50 50
box
-300 -200 1900 50 50 50
box
-300 -200 1950 50 50 50
box
-300 -200 2000 50 50 50
box
-300 -200 2050 50 50 50
box
-300 -200 2100 50 50 50
box
-300 -200 2150 50 50 50
box
-300 -200 2200 50 50 50
box
-300 -200 2250 50 50 50
box
-300 -200 2300 50 50 50
box
-300 -200 2350 50 50 50
box
-250 -200 0 50 50 50
box
-250 -200 50 50 50 50
box
-250 -200 100 50 50 50
box
-250 -200 150 50 50 50
box
-250 -200 200 50 50 50
box
-250 -200 250 50 50 50
box
-250 -200 300 50 50 50
box
-250 -200 350 50 50 50
box
-250 -200 400 50 50 50
box
-250 -200 450 50 50 50
box
-250 -200 500 50 50 50
box
-250 -200 550 50 50 50
box
-250 -200 600 50 50 50
box
-250 -200 650 50 50 50
box
-250 -200 700 50 50 50
box
-250 -200 750 50 50 50
box
-250 -200 800 50 50 50
box
-250 -200 850 50 50 50
box
-250 -200 900 50 50 50
box
-250 -200 950 50 50 50
box
-250 -200 1000 50 50 50
box
-250 -200 1050 50 50 50
box
-250 -200 1100 50 50 50
box
-250 -200 1150 50 50 50
box
-250 -200 1200 50 50 50
box
-250 -200 1250 50 50 50
box
-250 -200 1300 50 50 50
box
-250 -200 1350 50 50 50
box
-250 -200 1400 50 50 50
box
-250 -200 1450 50 50 50
box
-250 -200 1500 50 50 50
box
-250 -200 1550 50 50 50
box
-250 -200 1600 50 50 50
box
-250 -200 1650 50 50 50
box
-250 -200 1700 50 50 50
box
-250 -200 1750 50 50 50
box
-250 -200 1800 50 50 50
box
-250 -200 1850 50 50 50
box
-250 -200 1900 50 50 50
box
-250 -200 1950 50 50 50
box
-250 -200 2000 50 50 50
box
-250 -200 2050 50 50 50
box
-250 -200 2100 50 50 50
box
-250 -200 2150 50 50 50
box
-250 -200 2200 50 50 50
box
-250 -200 2250 50 50 50
box
-250 -200 2300 50 50 50
box
-250 -200 2350 50 50 50
box
-200 -200 0 50 50 50
box
-200 -200 50 50 50 50
box
-200 -200 100 50 50 50
box
-200 -200 150 50 50 50
box
-200 -200 200 50 50 50
box
-200 -200 250 50 50 50
box
-200 -200 300 50 50 50
box
-200 -200 350 50 50 50
box
-200 -200 400 50 50 50
box
-200 -200 450 50 50 50
box
-200 -200 500 50 50 50
box
-200 -200 550 50 50 50
box
-200 -200 600 50 50 50
box
-200 -200 650 50 50 50
box
-200 -200 700 50 50 50
box
-200 -200 750 50 50 50
box
-200 -200 800 50 50 50
box
-200 -200 850 50 50 50
box
-200 -200 900 50 50 50
box
-200 -200 950 50 50 50
box
-200 -200 1000 50 50 50
box
-200 -200 1050 50 50 50
box
-200 -200 1100 50 50 50
box
-200 -200 1150 50 50 50
box
-200 -200 1200 50 50 50
box
-200 -200 1250 50 50 50
box
-200 -200 1300 50 50 50
box
-200 -200 1350 50 50 50
box
-200 -200 1400 50 50 50
box
-200 -200 1450 50 50 50
box
-200 -200 1500 50 50 50
box
-200 -200 1550 50 50 50
box
-200 -200 1600 50 50 50
box
-200 -200 1650 50 50 50
box
-200 -200 1700 50 50 50
box
-200 -200 1750 50 50 50
box
-200 -200 1800 50 50 50
box
-200 -200 1850 50 50 50
box
-200 -200 1900 50 50 50
box
-200 -200 1950 50 50 50
box
-200 -200 2000 50 50 50
box
-200 -200 2050 50 50 50
box
-200 -200 2100 50 50 50
box
-200 -200 2150 50 50 50
box
-200 -200 2200 50 50 50
box
-200 -200 2250 50 50 50
box
-200 -200 2300 50 50 50
box
-200 -200 2350 50 50 50
box
-150 -200 0 50 50 50
box
-150 -200 50 50 50 50
box
-150 -200 100 50 50 50
box
-150 -200 150 50 50 50
box
-150 -200 200 50 50 50
box
-150 -200 250 50 50 50
box
-150 -200 300 50 50 50
box
-150 -200 350 50 50 50
box
-150 -200 400 50 50 50
box
-150 -200 450 50 50 50
box
-150 -200 500 50 50 50
box
-150 -200 550 50 50 50
box
-150 -200 600 50 50 50
box
-150 -200 650 50 50 50
box
-150 -200 700 50 50 50
box
-150 -200 750 50 50 50
box
-150 -200 800 50 50 50
box
-150 -200 850 50 50 50
box
-150 -200 900 50 50 50
box
-150 -200 950 50 50 50
box
-150 -200 1000 50 50 50
box
-150 -200 1050 50 50 50
box
-150 -200 1100 50 50 50
box
-150 -200 1150 50 50 50
box
-150 -200 1200 50 50 50
box
-150 -200 1250 50 50 50
box
-150 -200 1300 50 50 50
box
-150 -200 1350 50 50 50
box
-150 -200 1400 50 50 50
box
-150 -200 1450 50 50 50
box
-150 -200 1500 50 50 50
box
-150 -200 1550 50 50 50
box
-150 -200 1600 50 50 50
box
-150 -200 1650 50 50 50
box
-150 -200 1700 50 50 50
box
-150 -200 1750 50 50 50
box
-150 -200 1800 50 50 50
box
-150 -200 1850 50 50 50
box
-150 -200 1900 50 50 50
box
-150 -200 1950 50 50 50
box
-150 -200 2000 50 50 50
box
-150 -200 2050 50 50 50
box
-150 -200 2100 50 50 50
box
-150 -200 2150 50 50 50
box
-150 -200 2200 50 50 50
box
-150 -200 2250 50 50 50
box
-150 -200 2300 50 50 50
box
-150 -200 2350 50 50 50
box
-100 -200 0 50 50 50
box
-100 -200 50 50 50 50
box
-100 -200 100 50 50 50
box
-100 -200 150 50 50 50
box
-100 -200 200 50 50 50
box
-100 -200 250 50 50 50
box
-100 -200 300 50 50 50
box
-100 -200 350 50 50 50
box
-100 -200 400 50 50 50
box
-100 -200 450 50 50 50
box
-100 -200 500 50 50 50
box
-100 -200 550 50 50 50
box
-100 -200 600 50 50 50
box
-100 -200 650 50 50 50
box
-100 -200 700 50 50 50
box
-100 -200 750 50 50 50
box
-100 -200 800 50 50 50
box
-100 -200 850 50 50 50
box
-100 -200 900 50 50 50
box
-100 -200 950 50 50 50
box
-100 -200 1000 50 50 50
box
-100 -200 1050 50 50 50
box
-100 -200 1100 50 50 50
box
-100 -200 1150 50 50 50
box
-100 -200 1200 50 50 50
box
-100 -200 1250 50 50 50
box
-100 -200 1300 50 50 50
box
-100 -200 1350 50 50 50
box
-100 -200 1400 50 50 50
box
-100 -200 1450 50 50 50
box
-100 -200 1500 50 50 50
box
-100 -200 1550 50 50 50
box
-100 -200 1600 50 50 50
box
-100 -200 1650 50 50 50
box
-100 -200 1700 50 50 50
box
-100 -200 1750 50 50 50
box
-100 -200 1800 50 50 50
box
-100 -200 1850 50 50 50
box
-100 -200 1900 50 50 50
box
-100 -200 1950 50 50 50
box
-100 -200 2000 50 50 50
box
-100 -200 2050 50 50 50
box
-100 -200 2100 50 50 50
box
-100 -200 2150 50 50 50
box
-100 -200 2200 50 50 50
box
-100 -200 2250 50 50 50
box
-100 -200 2300 50 50 50
box
-100 -200 2350 50 50 50
box
-50 -200 0 50 50 50
box
-50 -200 50 50 50 50
box
-50 -200 100 50 50 50
box
-50 -200 150 50 50 50
box
-50 -200 200 50 50 50
box
-50 -200 250 50 50 50
box
-50 -200 300 50 50 50
box
-50 -200 350 50 50 50
box
-50 -200 400 50 50 50
box
-50 -200 450 50 50 50
box
-50 -200 500 50 50 50
box
-50 -200 550 50 50 50
box
-50 -200 600 50 50 50
box
-50 -200 650 50 50 50
box
-50 -200 700 50 50 50
box
-50 -200 750 50 50 50
box
-50 -200 800 50 50 50
box
-50 -200 850 50 50 50
box
-50 -200 900 50 50 50
box
-50 -200 950 50 50 50
box
-50 -200 1000 50 50 50
box
-50 -200 1050 50 50 50
box
-50 -200 1100 50 50 50
box
-50 -200 1150 50 50 50
box
-50 -200 1200 50 50 50
box
-50 -200 1250 50 50 50
box
-50 -200 1300 50 50 50
box
-50 -200 1350 50 50 50
box
-50 -200 1400 50 50 50
box
-50 -200 1450 50 50 50
box
-50 -200 1500 50 50 50
box
-50 -200 1550 50 50 50
box
-50 -200 1600 50 50 50
box
-50 -200 1650 50 50 50
box
-50 -200 1700 50 50 50
box
-50 -200 1750 50 50 50
box
-50 -200 1800 50 50 50
box
-50 -200 1850 50 50 50
box
-50 -200 1900 50 50 50
box
-50 -200 1950 50 50 50
box
-50 -200 2000 50 50 50
box
-50 -200 2050 50 50 50
box
-50 -200 2100 50 50 50
box
-50 -200 2150 50 50 50
box
-50 -200 2200 50 50 50
box
-50 -200 2250 50 50 50
box
-50 -200 2300 50 50 50
box
-50 -200 2350 50 50 50
box
0 -200 0 50 50 50
box
0 -200 50 50 50 50
box
0 -200 100 50 50 50
box
0 -200 150 50 50 50
box
0 -200 200 50 50 50
box
0 -200 250 50 50 50
box
0 -200 300 50 50 50
box
0 -200 350 50 50 50
box
0 -200 400 50 50 50
box
0 -200 450 50 50 50
box
0 -200 500 50 50 50
box
0 -200 550 50 50 50
box
0 -200 600 50 50 50
box
0 -200 650 50 50 50
box
0 -200 700 50 50 50
box
0 -200 750 50 50 50
box
0 -200 800 50 50 50
box
0 -200 850 50 50 50
box
0 -200 900 50 50 50
box
0 -200 950 50 50 50
box
0 -200 1000 50 50 50
box
0 -200 1050 50 50 50
box
0 -200 1100 50 50 50
box
0 -200 1150 50 50 50
box
0 -200 1200 50 50 50
box
0 -200 1250 50 50 50
box
0 -200 1300 50 50 50
box
0 -200 1350 50 50 50
box
0 -200 1400 50 50 50
box
0 -200 1450 50 50 50
box
0 -200 1500 50 50 50
box
0 -200 1550 50 50 50
box
0 -200 1600 50 50 50
box
0 -200 1650 50 50 50
box
0 -200 1700 50 50 50
box
0 -200 1750 50 50 50
box
0 -200 1800 50 50 50
box
0 -200 1850 50 50 50
box
0 -200 1900 50 50 50
box
0 -200 1950 50 50 50
box
0 -200 2000 50 50 50
box
0 -200 2050 50 50 50
box
0 -200 2100 50 50 50
box
0 -200 2150 50 50 50
box
0 -200 2200 50 50 50
box
0 -200 2250 50 50 50
box
0 -200 2300 50 50 50
box
0 -200 2350 50 50 50
box
50 -200 0 50 50 50
box
50 -200 50 50 50 50
box
50 -200 100 50 50 50
box
50 -200 150 50 50 50
box
50 -200 200 50 50 50
box
50 -200 250 50 50 50
box
50 -200 300 50 50 50
box
50 -200 350 50 50 50
box
50 -200 400 50 50 50
box
50 -200 450 50 50 50
box
50 -200 500 50 50 50
box
50 -200 550 50 50 50
box
50 -200 600 50 50 50
box
50 -200 650 50 50 50
box
50 -200 700 50 50 50
box
50 -200 750 50 50 50
box
50 -200 800 50 50 50
box
50 -200 850 50 50 50
box
50 -200 900 50 50 50
box
50 -200 950 50 50 50
box
50 -200 1000 50 50 50
box
50 -200 1050 50 50 50
box
50 -200 1100 50 50 50
box
50 -200 1150 50 50 50
box
50 -200 1200 50 50 50
box
50 -200 1250 50 50 50
box
50 -200 1300 50 50 50
box
50 -200 1350 50 50 50
box
50 -200 1400 50 50 50
box
50 -200 1450 50 50 50
box
50 -200 1500 50 50 50
box
50 -200 1550 50 50 50
box
50 -200 1600 50 50 50
box
50 -200 1650 50 50 50
box
50 -200 1700 50 50 50
box
50 -200 1750 50 50 50
box
50 -200 1800 50 50 50
box
50 -200 1850 50 50 50
box
50 -200 1900 50 50 50
box
50 -200 1950 50 50 50
box
50 -200 2000 50 50 50
box
50 -200 2050 50 50 50
box
50 -200 2100 50 50 50
box
50 -200 2150 50 50 50
box
50 -200 2200 50 50 50
box
50 -200 2250 50 50 50
box
50 -200 2300 50 50 50
box
50 -200 2350 50 50 50
box
100 -200 0 50 50 50
box
100 -200 50 50 50 50
box
100 -200 100 50 50 50
box
100 -200 150 50 50 50
box
100 -200 200 50 50 50
box
100 -200 250 50 50 50
box
100 -200 300 50 50 50
box
100 -200 350 50 50 50
box
100 -200 400 50 50 50
box
100 -200 450 50 50 50
box
100 -200 500 50 50 50
box
100 -200 550 50 50 50
box
100 -200 600 50 50 50
box
100 -200 650 50 50 50
box
100 -200 700 50 50 50
box
100 -200 750 50 50 50
box
100 -200 800 50 50 50
box
100 -200 850 50 50 50
box
100 -200 900 50 50 50
box
100 -200 950 50 50 50
box
100 -200 1000 50 50 50
box
100 -200 1050 50 50 50
box
100 -200 1100 50 50 50
box
100 -200 1150 50 50 50
box
100 -200 1200 50 50 50
box
100 -200 1250 50 50 50
box
100 -200 1300 50 50 50
box
100 -200 1350 50 50 50
box
100 -200 1400 50 50 50
box
100 -200 1450 50 50 50
box
100 -200 1500 50 50 50
box
100 -200 1550 50 50 50
box
100 -200 1600 50 50 50
box
100 -200 1650 50 50 50
box
100 -200 1700 50 50 50
box
100 -200 1750 50 50 50
box
100 -200 1800 50 50 50
box
100 -200 1850 50 50 50
box
100 -200 1900 50 50 50
box
100 -200 1950 50 50 50
box
100 -200 2000 50 50 50
box
100 -200 2050 50 50 50
box
100 -200 2100 50 50 50
box
100 -200 2150 50 50 50
box
100 -200 2200 50 50 50
box
100 -200 2250 50 50 50
box
100 -200 2300 50 50 50
box
100 -200 2350 50 50 50
box
150 -200 0 50 50 50
box
150 -200 50 50 50 50
box
150 -200 100 50 50 50
box
150 -200 150 50 50 50
box
150 -200 200 50 50 50
box
150 -200 250 50 50 50
box
150 -200 300 50 50 50
box
150 -200 350 50 50 50
box
150 -200 400 50 50 50
box
150 -200 450 50 50 50
box
150 -200 500 50 50 50
box
150 -200 550 50 50 50
box
150 -200 600 50 50 50
box
150 -200 650 50 50 50
box
150 -200 700 50 50 50
box
150 -200 750 50 50 50
box
150 -200 800 50 50 50
box
150 -200 850 50 50 50
box
150 -200 900 50 50 50
box
150 -200 950 50 50 50
box
150 -200 1000 50 50 50
box
150 -200 1050 50 50 50
box
150 -200 1100 50 50 50
box
150 -200 1150 50 50 50
box
150 -200 1200 50 50 50
box
150 -200 1250 50 50 50
box
150 -200 1300 50 50 50
box
150 -200 1350 50 50 50
box
150 -200 1400 50 50 50
box
150 -200 1450 50 50 50
box
150 -200 1500 50 50 50
box
150 -200 1550 50 50 50
box
150 -200 1600 50 50 50
box
150 -200 1650 50 50 50
box
150 -200 1700 50 50 50
box
150 -200 1750 50 50 50
box
150 -200 1800 50 50 50
box
150 -200 1850 50 50 50
box
150 -200 1900 50 50 50
box
150 -200 1950 50 50 50
box
150 -200 2000 50 50 50
box
150 -200 2050 50 50 50
box
150 -200 2100 50 50 50
box
150 -200 2150 50 50 50
box
150 -200 2200 50 50 50
box
150 -200 2250 50 50 50
box
150 -200 2300 50 50 50
box
150 -200 2350 50 50 50
box
200 -200 0 50 50 50
box
200 -200 50 50 50 50
box
200 -200 100 50 50 50
box
200 -200 150 50 50 50
box
200 -200 200 50 50 50
box
200 -200 250 50 50 50
box
200 -200 300 50 50 50
box
200 -200 350 50 50 50
box
200 -200 400 50 50 50
box
200 -200 450 50 50 50
box
200 -200 500 50 50 50
box
200 -200 550 50 50 50
box
200 -200 600 50 50 50
box
200 -200 650 50 50 50
box
200 -200 700 50 50 50
box
200 -200 750 50 50 50
box
200 -200 800 50 50 50
box
200 -200 850 50 50 50
box
200 -200 900 50 50 50
box
200 -200 950 50 50 50
box
200 -200 1000 50 50 50
box
200 -200 1050 50 50 50
box
200 -200 1100 50 50 50
box
200 -200 1150 50 50 50
box
200 -200 1200 50 50 50
box
200 -200 1250 50 50 50
box
200 -200 1300 50 50 50
box
200 -200 1350 50 50 50
box
200 -200 1400 50 50 50
box
200 -200 1450 50 50 50
box
200 -200 1500 50 50 50
box
200 -200 1550 50 50 50
box
200 -200 1600 50 50 50
box
200 -200 1650 50 50 50
box
200 -200 1700 50 50 50
box
200 -200 1750 50 50 50
box
200 -200 1800 50 50 50
box
200 -200 1850 50 50 50
box
200 -200 1900 50 50 50
box
200 -200 1950 50 50 50
box
200 -200 2000 50 50 50
box
200 -200 2050 50 50 50
box
200 -200 2100 50 50 50
box
200 -200 2150 50 50 50
box
200 -200 2200 50 50 50
box
200 -200 2250 50 50 50
box
200 -200 2300 50 50 50
box
200 -200 2350 50 50 50
box
250 -200 0 50 50 50
box
250 -200 50 50 50 50
box
250 -200 100 50 50 50
box
250 -200 150 50 50 50
box
250 -200 200 50 50 50
box
250 -200 250 50 50 50
box
250 -200 300 50 50 50
box
250 -200 350 50 50 50
box
250 -200 400 50 50 50
box
250 -200 450 50 50 50
box
250 -200 500 50 50 50
box
250 -200 550 50 50 50
box
250 -200 600 50 50 50
box
250 -200 650 50 50 50
box
250 -200 700 50 50 50
box
250 -200 750 50 50 50
box
250 -200 800 50 50 50
box
250 -200 850 50 50 50
box
250 -200 900 50 50 50
box
250 -200 950 50 50 50
box
250 -200 1000 50 50 50
box
250 -200 1050 50 50 50
box
250 -200 1100 50 50 50
box
250 -200 1150 50 50 50
box
250 -200 1200 50 50 50
box
250 -200 1250 50 50 50
box
250 -200 1300 50 50 50
box
250 -200 1350 50 50 50
box
250 -200 1400 50 50 50
box
250 -200 1450 50 50 50
box
250 -200 1500 50 50 50
box
250 -200 1550 50 50 50
box
250 -200 1600 50 50 50
box
250 -200 1650 50 50 50
box
250 -200 1700 50 50 50
box
250 -200 1750 50 50 50
box
250 -200 1800 50 50 50
box
250 -200 1850 50 50 50
box
250 -200 1900 50 50 50
box
250 -200 1950 50 50 50
box
250 -200 2000 50 50 50
box
250 -200 2050 50 50 50
box
250 -200 2100 50 50 50
box
250 -200 2150 50 50 50
box
250 -200 2200 50 50 50
box
250 -200 2250 50 50 50
box
250 -200 2300 50 50 50
box
250 -200 2350 50 50 50
box
300 -200 0 50 50 50
box
300 -200 50 50 50 50
box
300 -200 100 50 50 50
box
300 -200 150 50 50 50
box
300 -200 200 50 50 50
box
300 -200 250 50 50 50
box
300 -200 300 50 50 50
box
300 -200 350 50 50 50
box
300 -200 400 50 50 50
box
300 -200 450 50 50 50
box
300 -200 500 50 50 50
box
300 -200 550 50 50 50
box
300 -200 600 50 50 50
box
300 -200 650 50 50 50
box
300 -200 700 50 50 50
box
300 -200 750 50 50 50
box
300 -200 800 50 50 50
box
300 -200 850 50 50 50
box
300 -200 900 50 50 50
box
300 -200 950 50 50 50
box
300 -200 1000 50 50 50
box
300 -200 1050 50 50 50
box
300 -200 1100 50 50 50
box
300 -200 1150 50 50 50
box
300 -200 1200 50 50 50
box
300 -200 1250 50 50 50
box
300 -200 1300 50 50 50
box
300 -200 1350 50 50 50
box
300 -200 1400 50 50 50
box
300 -200 1450 50 50 50
box
300 -200 1500 50 50 50
box
300 -200 1550 50 50 50
box
300 -200 1600 50 50 50
box
300 -200 1650 50 50 50
box
300 -200 1700 50 50 50
box
300 -200 1750 50 50 50
box
300 -200 1800 50 50 50
box
300 -200 1850 50 50 50
box
300 -200 1900 50 50 50
box
300 -200 1950 50 50 50
box
300 -200 2000 50 50 50
box
300 -200 2050 50 50 50
box
300 -200 2100 50 50 50
box
300 -200 2150 50 50 50
box
300 -200 2200 50 50 50
box
300 -200 2250 50 50 50
box
300 -200 2300 50 50 50
box
300 -200 2350 50 50 50
box
350 -200 0 50 50 50
box
350 -200 50 50 50 50
box
350 -200 100 50 50 50
box
350 -200 150 50 50 50
box
350 -200 200 50 50 50
box
350 -200 250 50 50 50
box
350 -200 300 50 50 50
box
350 -200 350 50 50 50
box
350 -200 400 50 50 50
box
350 -200 450 50 50 50
box
350 -200 500 50 50 50
box
350 -200 550 50 50 50
box
350 -200 600 50 50 50
box
350 -200 650 50 50 50
box
350 -200 700 50 50 50
box
350 -200 750 50 50 50
box
350 -200 800 50 50 50
box
350 -200 850 50 50 50
box
350 -200 900 50 50 50
box
350 -200 950 50 50 50
box
350 -200 1000 50 50 50
box
350 -200 1050 50 50 50
box
350 -200 1100 50 50 50
box
350 -200 1150 50 50 50
box
350 -200 1200 50 50 50
box
350 -200 1250 50 50 50
box
350 -200 1300 50 50 50
box
350 -200 1350 50 50 50
box
350 -200 1400 50 50 50
box
350 -200 1450 50 50 50
box
350 -200 1500 50 50 50
box
350 -200 1550 50 50 50
box
350 -200 1600 50 50 50
box
350 -200 1650 50 50 50
box
350 -200 1700 50 50 50
box
350 -200 1750 50 50 50
box
350 -200 1800 50 50 50
box
350 -200 1850 50 50 50
box
350 -200 1900 50 50 50
box
350 -200 1950 50 50 50
box
350 -200 2000 50 50 50
box
350 -200 2050 50 50 50
box
350 -200 2100 50 50 50
box
350 -200 2150 50 50 50
box
350 -200 2200 50 50 50
box
350 -200 2250 50 50 50
box
350 -200 2300 50 50 50
box
350 -200 2350 50 50 50
box
400 -200 0 50 50 50
box
400 -200 50 50 50 50
box
400 -200 100 50 50 50
box
400 -200 150 50 50 50
box
400 -200 200 50 50 50
box
400 -200 250 50 50 50
box
400 -200 300 50 50 50
box
400 -200 350 50 50 50
box
400 -200 400 50 50 50
box
400 -200 450 50 50 50
box
400 -200 500 50 50 50
box
400 -200 550 50 50 50
box
400 -200 600 50 50 50
box
400 -200 650 50 50 50
box
400 -200 700 50 50 50
box
400 -200 750 50 50 50
box
400 -200 800 50 50 50
box
400 -200 850 50 50 50
box
400 -200 900 50 50 50
box
400 -200 950 50 50 50
box
400 -200 1000 50 50 50
box
400 -200 1050 50 50 50
box
400 -200 1100 50 50 50
box
400 -200 1150 50 50 50
box
400 -200 1200 50 50 50
box
400 -200 1250 50 50 50
box
400 -200 1300 50 50 50
box
400 -200 1350 50 50 50
box
400 -200 1400 50 50 50
box
400 -200 1450 50 50 50
box
400 -200 1500 50 50 50
box
400 -200 1550 50 50 50
box
400 -200 1600 50 50 50
box
400 -200 1650 50 50 50
box
400 -200 1700 50 50 50
box
400 -200 1750 50 50 50
box
400 -200 1800 50 50 50
box
400 -200 1850 50 50 50
box
400 -200 1900 50 50 50
box
400 -200 1950 50 50 50
box
400 -200 2000 50 50 50
box
400 -200 2050 50 50 50
box
400 -200 2100 50 50 50
box
400 -200 2150 50 50 50
box
400 -200 2200 50 50 50
box
400 -200 2250 50 50 50
box
400 -200 2300 50 50 50
box
400 -200 2350 50 50 50
box
450 -200 0 50 50 50
box
450 -200 50 50 50 50
box
450 -200 100 50 50 50
box
450 -200 150 50 50 50
box
450 -200 200 50 50 50
box
450 -200 250 50 50 50
box
450 -200 300 50 50 50
box
450 -200 350 50 50 50
box
450 -200 400 50 50 50
box
450 -200 450 50 50 50
box
450 -200 500 50 50 50
box
450 -200 550 50 50 50
box
450 -200 600 50 50 50
box
450 -200 650 50 50 50
box
450 -200 700 50 50 50
box
450 -200 750 50 50 50
box
450 -200 800 50 50 50
box
450 -200 850 50 50 50
box
450 -200 900 50 50 50
box
450 -200 950 50 50 50
box
450 -200 1000 50 50 50
box
450 -200 1050 50 50 50
box
450 -200 1100 50 50 50
box
450 -200 1150 50 50 50
box
450 -200 1200 50 50 50
box
450 -200 1250 50 50 50
box
450 -200 1300 50 50 50
box
450 -200 1350 50 50 50
box
450 -200 1400 50 50 50
box
450 -200 1450 50 50 50
box
450 -200 1500 50 50 50
box
450 -200 1550 50 50 50
box
450 -200 1600 50 50 50
box
450 -200 1650 50 50 50
box
450 -200 1700 50 50 50
box
450 -200 1750 50 50 50
box
450 -200 1800 50 50 50
box
450 -200 1850 50 50 50
box
450 -200 1900 50 50 50
box
450 -200 1950 50 50 50
box
450 -200 2000 50 50 50
box
450 -200 2050 50 50 50
box
450 -200 2100 50 50 50
box
450 -200 2150 50 50 50
box
450 -200 2200 50 50 50
box
450 -200 2250 50 50 50
box
450 -200 2300 50 50 50
box
450 -200 2350 50 50 50
box
500 -200 0 50 50 50
box
500 -200 50 50 50 50
box
500 -200 100 50 50 50
box
500 -200 150 50 50 50
box
500 -200 200 50 50 50
box
500 -200 250 50 50 50
box
500 -200 300 50 50 50
box
500 -200 350 50 50 50
box
500 -200 400 50 50 50
box
500 -200 450 50 50 50
box
500 -200 500 50 50 50
box
500 -200 550 50 50 50
box
500 -200 600 50 50 50
box
500 -200 650 50 50 50
box
500 -200 700 50 50 50
box
500 -200 750 50 50 50
box
500 -200 800 50 50 50
box
500 -200 850 50 50 50
box
500 -200 900 50 50 50
box
500 -200 950 50 50 50
box
500 -200 1000 50 50 50
box
500 -200 1050 50 50 50
box
500 -200 1100 50 50 50
box
500 -200 1150 50 50 50
box
500 -200 1200 50 50 50
box
500 -200 1250 50 50 50
box
500 -200 1300 50 50 50
box
500 -200 1350 50 50 50
box
500 -200 1400 50 50 50
box
500 -200 1450 50 50 50
box
500 -200 1500 50 50 50
box
500 -200 1550 50 50 50
box
500 -200 1600 50 50 50
box
500 -200 1650 50 50 50
box
500 -200 1700 50 50 50
box
500 -200 1750 50 50 50
box
500 -200 1800 50 50 50
box
500 -200 1850 50 50 50
box
500 -200 1900 50 50 50
box
500 -200 1950 50 50 50
box
500 -200 2000 50 50 50
box
500 -200 2050 50 50 50
box
500 -200 2100 50 50 50
box
500 -200 2150 50 50 50
box
500 -200 2200 50 50 50
box
500 -200 2250 50 50 50
box
500 -200 2300 50 50 50
box
500 -200 2350 50 50 50
box
550 -200 0 50 50 50
box
550 -200 50 50 50 50
box
550 -200 100 50 50 50
box
550 -200 150 50 50 50
box
550 -200 200 50 50 50
box
550 -200 250 50 50 50
box
550 -200 300 50 50 50
box
550 -200 350 50 50 50
box
550 -200 400 50 50 50
box
550 -200 450 50 50 50
box
550 -200 500 50 50 50
box
550 -200 550 50 50 50
box
550 -200 600 50 50 50
box
550 -200 650 50 50 50
box
550 -200 700 50 50 50
box
550 -200 750 50 50 50
box
550 -200 800 50 50 50
box
550 -200 850 50 50 50
box
550 -200 900 50 50 50
box
550 -200 950 50 50 50
box
550 -200 1000 50 50 50
box
550 -200 1050 50 50 50
box
550 -200 1100 50 50 50
box
550 -200 1150 50 50 50
box
550 -200 1200 50 50 50
box
550 -200 1250 50 50 50
box
550 -200 1300 50 50 50
box
550 -200 1350 50 50 50
box
550 -200 1400 50 50 50
box
550 -200 1450 50 50 50
box
550 -200 1500 50 50 50
box
550 -200 1550 50 50 50
box
550 -200 1600 50 50 50
box
550 -200 1650 50 50 50
box
550 -200 1700 50 50 50
box
550 -200 1750 50 50 50
box
550 -200 1800 50 50 50
box
550 -200 1850 50 50 50
box
550 -200 1900 50 50 50
box
550 -200 1950 50 50 50
box
550 -200 2000 50 50 50
box
550 -200 2050 50 50 50
box
550 -200 2100 50 50 50
box
550 -200 2150 50 50 50
box
550 -200 2200 50 50 50
box
550 -200 2250 50 50 50
box
550 -200 2300 50 50 50
box
550 -200 2350 50 50 50
box
600 -200 0 50 50 50
box
600 -200 50 50 50 50
box
600 -200 100 50 50 50
box
600 -200 150 50 50 50
box
600 -200 200 50 50 50
box
600 -200 250 50 50 50
box
600 -200 300 50 50 50
box
600 -200 350 50 50 50
box
600 -200 400 50 50 50
box
600 -200 450 50 50 50
box
600 -200 500 50 50 50
box
600 -200 550 50 50 50
box
600 -200 600 50 50 50
box
600 -200 650 50 50 50
box
600 -200 700 50 50 50
box
600 -200 750 50 50 50
box
600 -200 800 50 50 50
box
600 -200 850 50 50 50
box
600 -200 900 50 50 50
box
600 -200 950 50 50 50
box
600 -200 1000 50 50 50
box
600 -200 1050 50 50 50
box
600 -200 1100 50 50 50
box
600 -200 1150 50 50 50
box
600 -200 1200 50 50 50
box
600 -200 1250 50 50 50
box
600 -200 1300 50 50 50
box
600 -200 1350 50 50 50
box
600 -200 1400 50 50 50
box
600 -200 1450 50 50 50
box
600 -200 1500 50 50 50
box
600 -200 1550 50 50 50
box
600 -200 1600 50 50 50
box
600 -200 1650 50 50 50
box
600 -200 1700 50 50 50
box
600 -200 1750 50 50 50
box
600 -200 1800 50 50 50
box
600 -200 1850 50 50 50
box
600 -200 1900 50 50 50
box
600 -200 1950 50 50 50
box
600 -200 2000 50 50 50
box
600 -200 2050 50 50 50
box
600 -200 2100 50 50 50
box
600 -200 2150 50 50 50
box
600 -200 2200 50 50 50
box
600 -200 2250 50 50 50
box
600 -200 2300 50 50 50
box
600 -200 2350 50 50 50
box
650 -200 0 50 50 50
box
650 -200 50 50 50 50
box
650 -200 100 50 50 50
box
650 -200 150 50 50 50
box
650 -200 200 50 50 50
box
650 -200 250 50 50 50
box
650 -200 300 50 50 50
box
650 -200 350 50 50 50
box
650 -200 400 50 50 50
box
650 -200 450 50 50 50
box
650 -200 500 50 50 50
box
650 -200 550 50 50 50
box
650 -200 600 50 50 50
box
650 -200 650 50 50 50
box
650 -200 700 50 50 50
box
650 -200 750 50 50 50
box
650 -200 800 50 50 50
box
650 -200 850 50 50 50
box
650 -200 900 50 50 50
box
650 -200 950 50 50 50
box
650 -200 1000 50 50 50
box
650 -200 1050 50 50 50
box
650 -200 1100 50 50 50
box
650 -200 1150 50 50 50
box
650 -200 1200 50 50 50
box
650 -200 1250 50 50 50
box
650 -200 1300 50 50 50
box
650 -200 1350 50 50 50
box
650 -200 1400 50 50 50
box
650 -200 1450 50 50 50
box
650 -200 1500 50 50 50
box
650 -200 1550 50 50 50
box
650 -200 1600 50 50 50
box
650 -200 1650 50 50 50
box
650 -200 1700 50 50 50
box
650 -200 1750 50 50 50
box
650 -200 1800 50 50 50
box
650 -200 1850 50 50 50
box
650 -200 1900 50 50 50
box
650 -200 1950 50 50 50
box
650 -200 2000 50 50 50
box
650 -200 2050 50 50 50
box
650 -200 2100 50 50 50
box
650 -200 2150 50 50 50
box
650 -200 2200 50 50 50
box
650 -200 2250 50 50 50
box
650 -200 2300 50 50 50
box
650 -200 2350 50 50 50
box
700 -200 0 50 50 50
box
700 -200 50 50 50 50
box
700 -200 100 50 50 50
box
700 -200 150 50 50 50
box
700 -200 200 50 50 50
box
700 -200 250 50 50 50
box
700 -200 300 50 50 50
box
700 -200 350 50 50 50
box
700 -200 400 50 50 50
box
700 -200 450 50 50 50
box
700 -200 500 50 50 50
box
700 -200 550 50 50 50
box
700 -200 600 50 50 50
box
700 -200 650 50 50 50
box
700 -200 700 50 50 50
box
700 -200 750 50 50 50
box
700 -200 800 50 50 50
box
700 -200 850 50 50 50
box
700 -200 900 50 50 50
box
700 -200 950 50 50 50
box
700 -200 1000 50 50 50
box
700 -200 1050 50 50 50
box
700 -200 1100 50 50 50
box
700 -200 1150 50 50 50
box
700 -200 1200 50 50 50
box
700 -200 1250 50 50 50
box
700 -200 1300 50 50 50
box
700 -200 1350 50 50 50
box
700 -200 1400 50 50 50
box
700 -200 1450 50 50 50
box
700 -200 1500 50 50 50
box
700 -200 1550 50 50 50
box
700 -200 1600 50 50 50
box
700 -200 1650 50 50 50
box
700 -200 1700 50 50 50
box
700 -200 1750 50 50 50
box
700 -200 1800 50 50 50
box
700 -200 1850 50 50 50
box
700 -200 1900 50 50 50
box
700 -200 1950 50 50 50
box
700 -200 2000 50 50 50
box
700 -200 2050 50 50 50
box
700 -200 2100 50 50 50
box
700 -200 2150 50 50 50
box
700 -200 2200 50 50 50
box
700 -200 2250 50 50 50
box
700 -200 2300 50 50 50
box
700 -200 2350 50 50 50
box
750 -200 0 50 50 50
box
750 -200 50 50 50 50
box
750 -200 100 50 50 50
box
750 -200 150 50 50 50
box
750 -200 200 50 50 50
box
750 -200 250 50 50 50
box
750 -200 300 50 50 50
box
750 -200 350 50 50 50
box
750 -200 400 50 50 50
box
750 -200 450 50 50 50
box
750 -200 500 50 50 50
box
750 -200 550 50 50 50
box
750 -200 600 50 50 50
box
750 -200 650 50 50 50
box
750 -200 700 50 50 50
box
750 -200 750 50 50 50
box
750 -200 800 50 50 50
box
750 -200 850 50 50 50
box
750 -200 900 50 50 50
box
750 -200 950 50 50 50
box
750 -200 1000 50 50 50
box
750 -200 1050 50 50 50
box
750 -200 1100 50 50 50
box
750 -200 1150 50 50 50
box
750 -200 1200 50 50 50
box
750 -200 1250 50 50 50
box
750 -200 1300 50 50 50
box
750 -200 1350 50 50 50
box
750 -200 1400 50 50 50
box
750 -200 1450 50 50 50
box
750 -200 1500 50 50 50
box
750 -200 1550 50 50 50
box
750 -200 1600 50 50 50
box
750 -200 1650 50 50 50
box
750 -200 1700 50 50 50
box
750 -200 1750 50 50 50
box
750 -200 1800 50 50 50
box
750 -200 1850 50 50 50
box
750 -200 1900 50 50 50
box
750 -200 1950 50 50 50
box
750 -200 2000 50 50 50
box
750 -200 2050 50 50 50
box
750 -200 2100 50 50 50
box
750 -200 2150 50 50 50
box
750 -200 2200 50 50 50
box
750 -200 2250 50 50 50
box
750 -200 2300 50 50 50
box
750 -200 2350 50 50 50
box
800 -200 0 50 50 50
box
800 -200 50 50 50 50
box
800 -200 100 50 50 50
box
800 -200 150 50 50 50
box
800 -200 200 50 50 50
box
800 -200 250 50 50 50
box
800 -200 300 50 50 50
box
800 -200 350 50 50 50
box
800 -200 400 50 50 50
box
800 -200 450 50 50 50
box
800 -200 500 50 50 50
box
800 -200 550 50 50 50
box
800 -200 600 50 50 50
box
800 -200 650 50 50 50
box
800 -200 700 50 50 50
box
800 -200 750 50 50 50
box
800 -200 800 50 50 50
box
800 -200 850 50 50 50
box
800 -200 900 50 50 50
box
800 -200 950 50 50 50
box
800 -200 1000 50 50 50
box
800 -200 1050 50 50 50
box
800 -200 1100 50 50 50
box
800 -200 1150 50 50 50
box
800 -200 1200 50 50 50
box
800 -200 1250 50 50 50
box
800 -200 1300 50 50 50
box
800 -200 1350 50 50 50
box
800 -200 1400 50 50 50
box
800 -200 1450 50 50 50
box
800 -200 1500 50 50 50
box
800 -200 1550 50 50 50
box
800 -200 1600 50 50 50
box
800 -200 1650 50 50 50
box
800 -200 1700 50 50 50
box
800 -200 1750 50 50 50
box
800 -200 1800 50 50 50
box
800 -200 1850 50 50 50
box
800 -200 1900 50 50 50
box
800 -200 1950 50 50 50
box
800 -200 2000 50 50 50
box
800 -200 2050 50 50 50
box
800 -200 2100 50 50 50
box
800 -200 2150 50 50 50
box
800 -200 2200 50 50 50
box
800 -200 2250 50 50 50
box
800 -200 2300 50 50 50
box
800 -200 2350 50 50 50
box
850 -200 0 50 50 50
box
850 -200 50 50 50 50
box
850 -200 100 50 50 50
box
850 -200 150 50 50 50
box
850 -200 200 50 50 50
box
850 -200 250 50 50 50
box
850 -200 300 50 50 50
box
850 -200 350 50 50 50
box
850 -200 400 50 50 50
box
850 -200 450 50 50 50
box
850 -200 500 50 50 50
box
850 -200 550 50 50 50
box
850 -200 600 50 50 50
box
850 -200 650 50 50 50
box
850 -200 700 50 50 50
box
850 -200 750 50 50 50
box
850 -200 800 50 50 50
box
850 -200 850 50 50 50
box
850 -200 900 50 50 50
box
850 -200 950 50 50 50
box
850 -200 1000 50 50 50
box
850 -200 1050 50 50 50
box
850 -200 1100 50 50 50
box
850 -200 1150 50 50 50
box
850 -200 1200 50 50 50
box
850 -200 1250 50 50 50
box
850 -200 1300 50 50 50
box
850 -200 1350 50 50 50
box
850 -200 1400 50 50 50
box
850 -200 1450 50 50 50
box
850 -200 1500 50 50 50
box
850 -200 1550 50 50 50
box
850 -200 1600 50 50 50
box
850 -200 1650 50 50 50
box
850 -200 1700 50 50 50
box
850 -200 1750 50 50 50
box
850 -200 1800 50 50 50
box
850 -200 1850 50 50 50
box
850 -200 1900 50 50 50
box
850 -200 1950 50 50 50
box
850 -200 2000 50 50 50
box
850 -200 2050 50 50 50
box
850 -200 2100 50 50 50
box
850 -200 2150 50 50 50
box
850 -200 2200 50 50 50
box
850 -200 2250 50 50 50
box
850 -200 2300 50 50 50
box
850 -200 2350 50 50 50
box
900 -200 0 50 50 50
box
900 -200 50 50 50 50
box
900 -200 100 50 50 50
box
900 -200 150 50 50 50
box
900 -200 200 50 50 50
box
900 -200 250 50 50 50
box
900 -200 300 50 50 50
box
900 -200 350 50 50 50
box
900 -200 400 50 50 50
box
900 -200 450 50 50 50
box
900 -200 500 50 50 50
box
900 -200 550 50 50 50
box
900 -200 600 50 50 50
box
900 -200 650 50 50 50
box
900 -200 700 50 50 50
box
900 -200 750 50 50 50
box
900 -200 800 50 50 50
box
900 -200 850 50 50 50
box
900 -200 900 50 50 50
box
900 -200 950 50 50 50
box
900 -200 1000 50 50 50
box
900 -200 1050 50 50 50
box
900 -200 1100 50 50 50
box
900 -200 1150 50 50 50
box
900 -200 1200 50 50 50
box
900 -200 1250 50 50 50
box
900 -200 1300 50 50 50
box
900 -200 1350 50 50 50
box
900 -200 1400 50 50 50
box
900 -200 1450 50 50 50
box
900 -200 1500 50 50 50
box
900 -200 1550 50 50 50
box
900 -200 1600 50 50 50
box
900 -200 1650 50 50 50
box
900 -200 1700 50 50 50
box
900 -200 1750 50 50 50
box
900 -200 1800 50 50 50
box
900 -200 1850 50 50 50
box
900 -200 1900 50 50 50
box
900 -200 1950 50 50 50
box
900 -200 2000 50 50 50
box
900 -200 2050 50 50 50
box
900 -200 2100 50 50 50
box
900 -200 2150 50 50 50
box
900 -200 2200 50 50 50
box
900 -200 2250 50 50 50
box
900 -200 2300 50 50 50
box
900 -200 2350 50 50 50
box
950 -200 0 50 50 50
box
950 -200 50 50 50 50
box
950 -200 100 50 50 50
box
950 -200 150 50 50 50
box
950 -200 200 50 50 50
box
950 -200 250 50 50 50
box
950 -200 300 50 50 50
box
950 -200 350 50 50 50
box
950 -200 400 50 50 50
box
950 -200 450 50 50 50
box
950 -200 500 50 50 50
box
950 -200 550 50 50 50
box
950 -200 600 50 50 50
box
950 -200 650 50 50 50
box
950 -200 700 50 50 50
box
950 -200 750 50 50 50
box
950 -200 800 50 50 50
box
950 -200 850 50 50 50
box
950 -200 900 50 50 50
box
950 -200 950 50 50 50
box
950 -200 1000 50 50 50
box
950 -200 1050 50 50 50
box
950 -200 1100 50 50 50
box
950 -200 1150 50 50 50
box
950 -200 1200 50 50 50
box
950 -200 1250 50 50 50
box
950 -200 1300 50 50 50
box
950 -200 1350 50 50 50
box
950 -200 1400 50 50 50
box
950 -200 1450 50 50 50
box
950 -200 1500 50 50 50
box
950 -200 1550 50 50 50
box
950 -200 1600 50 50 50
box
950 -200 1650 50 50 50
box
950 -200 1700 50 50 50
box
950 -200 1750 50 50 50
box
950 -200 1800 50 50 50
box
950 -200 1850 50 50 50
box
950 -200 1900 50 50 50
box
950 -200 1950 50 50 50
box
950 -200 2000 50 50 50
box
950 -200 2050 50 50 50
box
950 -200 2100 50 50 50
box
950 -200 2150 50 50 50
box
950 -200 2200 50 50 50
box
950 -200 2250 50 50 50
box
950 -200 2300 50 50 50
box
950 -200 2350 50 50 50
box
1000 -200 0 50 50 50
box
1000 -200 50 50 50 50
box
1000 -200 100 50 50 50
box
1000 -200 150 50 50 50
box
1000 -200 200 50 50 50
box
1000 -200 250 50 50 50
box
1000 -200 300 50 50 50
box
1000 -200 350 50 50 50
box
1000 -200 400 50 50 50
box
1000 -200 450 50 50 50
box
1000 -200 500 50 50 50
box
1000 -200 550 50 50 50
box
1000 -200 600 50 50 50
box
1000 -200 650 50 50 50
box
1000 -200 700 50 50 50
box
1000 -200 750 50 50 50
box
1000 -200 800 50 50 50
box
1000 -200 850 50 50 50
box
1000 -200 900 50 50 50
box
1000 -200 950 50 50 50
box
1000 -200 1000 50 50 50
box
1000 -200 1050 50 50 50
box
1000 -200 1100 50 50 50
box
1000 -200 1150 50 50 50
box
1000 -200 1200 50 50 50
box
1000 -200 1250 50 50 50
box
1000 -200 1300 50 50 50
box
1000 -200 1350 50 50 50
box
1000 -200 1400 50 50 50
box
1000 -200 1450 50 50 50
box
1000 -200 1500 50 50 50
box
1000 -200 1550 50 50 50
box
1000 -200 1600 50 50 50
box
1000 -200 1650 50 50 50
box
1000 -200 1700 50 50 50
box
1000 -200 1750 50 50 50
box
1000 -200 1800 50 50 50
box
1000 -200 1850 50 50 50
box
1000 -200 1900 50 50 50
box
1000 -200 1950 50 50 50
box
1000 -200 2000 50 50 50
box
1000 -200 2050 50 50 50
box
1000 -200 2100 50 50 50
box
1000 -200 2150 50 50 50
box
1000 -200 2200 50 50 50
box
1000 -200 2250 50 50 50
box
1000 -200 2300 50 50 50
box
1000 -200 2350 50 50 50
box
1050 -200 0 50 50 50
box
1050 -200 50 50 50 50
box
1050 -200 100 50 50 50
box
1050 -200 150 50 50 50
box
1050 -200 200 50 50 50
box
1050 -200 250 50 50 50
box
1050 -200 300 50 50 50
box
1050 -200 350 50 50 50
box
1050 -200 400 50 50 50
box
1050 -200 450 50 50 50
box
1050 -200 500 50 50 50
box
1050 -200 550 50 50 50
box
1050 -200 600 50 50 50
box
1050 -200 650 50 50 50
box
1050 -200 700 50 50 50
box
1050 -200 750 50 50 50
box
1050 -200 800 50 50 50
box
1050 -200 850 50 50 50
box
1050 -200 900 50 50 50
box
1050 -200 950 50 50 50
box
1050 -200 1000 50 50 50
box
1050 -200 1050 50 50 50
box
1050 -200 1100 50 50 50
box
1050 -200 1150 50 50 50
box
1050 -200 1200 50 50 50
box
1050 -200 1250 50 50 50
box
1050 -200 1300 50 50 50
box
1050 -200 1350 50 50 50
box
1050 -200 1400 50 50 50
box
1050 -200 1450 50 50 50
box
1050 -200 1500 50 50 50
box
1050 -200 1550 50 50 50
box
1050 -200 1600 50 50 50
box
1050 -200 1650 50 50 50
box
1050 -200 1700 50 50 50
box
1050 -200 1750 50 50 50
box
1050 -200 1800 50 50 50
box
1050 -200 1850 50 50 50
box
1050 -200 1900 50 50 50
box
1050 -200 1950 50 50 50
box
1050 -200 2000 50 50 50
box
1050 -200 2050 50 50 50
box
1050 -200 2100 50 50 50
box
1050 -200 2150 50 50 50
box
1050 -200 2200 50 50 50
box
1050 -200 2250 50 50 50
box
1050 -200 2300 50 50 50
box
1050 -200 2350 50 50 50
box
1100 -200 0 50 50 50
box
1100 -200 50 50 50 50
box
1100 -200 100 50 50 50
box
1100 -200 150 50 50 50
box
1100 -200 200 50 50 50
box
1100 -200 250 50 50 50
box
1100 -200 300 50 50 50
box
1100 -200 350 50 50 50
box
1100 -200 400 50 50 50
box
1100 -200 450 50 50 50
box
1100 -200 500 50 50 50
box
1100 -200 550 50 50 50
box
1100 -200 600 50 50 50
box
1100 -200 650 50 50 50
box
1100 -200 700 50 50 50
box
1100 -200 750 50 50 50
box
1100 -200 800 50 50 50
box
1100 -200 850 50 50 50
box
1100 -200 900 50 50 50
box
1100 -200 950 50 50 50
box
1100 -200 1000 50 50 50
box
1100 -200 1050 50 50 50
box
1100 -200 1100 50 50 50
box
1100 -200 1150 50 50 50
box
1100 -200 1200 50 50 50
box
1100 -200 1250 50 50 50
box
1100 -200 1300 50 50 50
box
1100 -200 1350 50 50 50
box
1100 -200 1400 50 50 50
box
1100 -200 1450 50 50 50
box
1100 -200 1500 50 50 50
box
1100 -200 1550 50 50 50
box
1100 -200 1600 50 50 50
box
1100 -200 1650 50 50 50
box
1100 -200 1700 50 50 50
box
1100 -200 1750 50 50 50
box
1100 -200 1800 50 50 50
box
1100 -200 1850 50 50 50
box
1100 -200 1900 50 50 50
box
1100 -200 1950 50 50 50
box
1100 -200 2000 50 50 50
box
1100 -200 2050 50 50 50
box
1100 -200 2100 50 50 50
box
1100 -200 2150 50 50 50
box
1100 -200 2200 50 50 50
box
1100 -200 2250 50 50 50
box
1100 -200 2300 50 50 50
box
1100 -200 2350 50 50 50
box
1150 -200 0 50 50 50
box
1150 -200 50 50 50 50
box
1150 -200 100 50 50 50
box
1150 -200 150 50 50 50
box
1150 -200 200 50 50 50
box
1150 -200 250 50 50 50
box
1150 -200 300 50 50 50
box
1150 -200 350 50 50 50
box
1150 -200 400 50 50 50
box
1150 -200 450 50 50 50
box
1150 -200 500 50 50 50
box
1150 -200 550 50 50 50
box
1150 -200 600 50 50 50
box
1150 -200 650 50 50 50
box
1150 -200 700 50 50 50
box
1150 -200 750 50 50 50
box
1150 -200 800 50 50 50
box
1150 -200 850 50 50 50
box
1150 -200 900 50 50 50
box
1150 -200 950 50 50 50
box
1150 -200 1000 50 50 50
box
1150 -200 1050 50 50 50
box
1150 -200 1100 50 50 50
box
1150 -200 1150 50 50 50
box
1150 -200 1200 50 50 50
box
1150 -200 1250 50 50 50
box
1150 -200 1300 50 50 50
box
1150 -200 1350 50 50 50
box
1150 -200 1400 50 50 50
box
1150 -200 1450 50 50 50
box
1150 -200 1500 50 50 50
box
1150 -200 1550 50 50 50
box
1150 -200 1600 50 50 50
box
1150 -200 1650 50 50 50
box
1150 -200 1700 50 50 50
box
1150 -200 1750 50 50 50
box
1150 -200 1800 50 50 50
box
1150 -200 1850 50 50 50
box
1150 -200 1900 50 50 50
box
1150 -200 1950 50 50 50
box
1150 -200 2000 50 50 50
box
1150 -200 2050 50 50 50
box
1150 -200 2100 50 50 50
box
1150 -200 2150 50 50 50
box
1150 -200 2200 50 50 50
box
1150 -200 2250 50 50 50
box
1150 -200 2300 50 50 50
box
1150 -200 2350 50 50 50
customMatrix
1.0000000000000002 0.0 0.0 0.0 0.0 1.0000000000000002 0.0 0.0 0.0 0.0 1.2222222222222223 -0.22222222222222224 0.0 0.0 1.0 0.0 
apply
proj2D
display
save
img.png